# Format: McCode with text headers
# URL: http://www.mccode.org
# Creator: McStas 3.4 - Sep. 19, 2023
# Instrument: Radiography_Lithium_Battery.instr
# Ncount: 1000000
# Trace: no
# Gravitation: no
# Seed: 1723022390119393
# Directory: /home/user/Repos/swedness2023-instrumentfiles/Radiography_Lithium_Battery/Radiography_Lithium_Battery_20240807_111949
# Param: D=0.01
# Param: L=5
# Param: l=0.1
# Param: sample_used=0
# Param: battery_charge=1
# Date: Wed Aug  7 11:19:53 2024 (1723022393)
# type: array_1d(500)
# Source: Radiography_absorbing_edge (Radiography_Lithium_Battery.instr)
# component: edge_monitor_50mum
# position: 0 0 10.1001
# title: Linear PSD monitor
# Ncount: 1000000
# filename: edge_monitor.dat
# statistics: X0=5.85292e-05; dX=0.0017467;
# signal: Min=4.42448e-19; Max=4.20729e-18; Mean=2.07678e-18;
# values: 1.03839e-15 2.044e-18 319729
# xvar: x
# yvar: (I,I_err)
# xlabel: x-Position [m]
# ylabel: Intensity
# xlimits: -0.003 0.003
# variables: x I I_err N
-0.002994 4.505143053e-19 4.259585599e-20 137 
-0.002982 1.419853983e-18 7.558723418e-20 432 
-0.00297 1.476164394e-18 7.707036318e-20 445 
-0.002958 1.520620947e-18 7.821970661e-20 482 
-0.002946 1.544538366e-18 7.883465447e-20 469 
-0.002934 1.693371138e-18 8.254527616e-20 523 
-0.002922 1.64109085e-18 8.126234233e-20 513 
-0.00291 1.59283398e-18 8.005809231e-20 485 
-0.002898 1.508354268e-18 7.790817374e-20 473 
-0.002886 1.616948406e-18 8.066086507e-20 490 
-0.002874 1.484221642e-18 7.728180529e-20 457 
-0.002862 1.513295736e-18 7.801532507e-20 460 
-0.00285 1.31126942e-18 7.264202734e-20 405 
-0.002838 1.275370931e-18 7.163138369e-20 384 
-0.002826 1.146338078e-18 6.792178572e-20 353 
-0.002814 9.814011899e-19 6.284884877e-20 307 
-0.002802 9.573058465e-19 6.207041435e-20 283 
-0.00279 7.763042156e-19 5.590027155e-20 233 
-0.002778 8.446608406e-19 5.830348814e-20 243 
-0.002766 7.004911574e-19 5.308065499e-20 206 
-0.002754 5.952944207e-19 4.896112387e-20 189 
-0.002742 5.228935964e-19 4.588945007e-20 163 
-0.00273 4.866901055e-19 4.427325069e-20 150 
-0.002718 5.510412557e-19 4.71046342e-20 168 
-0.002706 6.918248333e-19 5.277017323e-20 201 
-0.002694 8.769203131e-19 5.94038819e-20 255 
-0.002682 9.371859381e-19 6.142092655e-20 305 
-0.00267 1.098075097e-18 6.647801524e-20 341 
-0.002658 1.355507802e-18 7.385687736e-20 422 
-0.002646 1.548563534e-18 7.893911051e-20 487 
-0.002634 1.814052711e-18 8.543502426e-20 557 
-0.002622 1.938722271e-18 8.832064984e-20 597 
-0.00261 2.264540008e-18 9.545286161e-20 709 
-0.002598 2.527707299e-18 1.008248229e-19 788 
-0.002586 2.715019156e-18 1.045131413e-19 835 
-0.002574 3.10921654e-18 1.118410352e-19 933 
-0.002562 3.355092548e-18 1.161697414e-19 1011 
-0.00255 3.346545771e-18 1.160304326e-19 1002 
-0.002538 3.356073888e-18 1.161799514e-19 1034 
-0.002526 3.316022265e-18 1.154837219e-19 1030 
-0.002514 3.398834718e-18 1.169338487e-19 1035 
-0.002502 3.358585214e-18 1.162402828e-19 1060 
-0.00249 3.427647634e-18 1.174182876e-19 1055 
-0.002478 3.676462496e-18 1.216126916e-19 1138 
-0.002466 3.873437672e-18 1.248293767e-19 1175 
-0.002454 3.664273093e-18 1.214136282e-19 1145 
-0.002442 3.869602997e-18 1.249077709e-19 1183 
-0.00243 3.724855732e-18 1.22408594e-19 1155 
-0.002418 3.772884525e-18 1.231989883e-19 1152 
-0.002406 3.668275164e-18 1.214789599e-19 1125 
-0.002394 3.676289653e-18 1.216106633e-19 1114 
-0.002382 3.805079112e-18 1.237235815e-19 1158 
-0.00237 3.620019892e-18 1.206780372e-19 1124 
-0.002358 4.030285128e-18 1.273310441e-19 1226 
-0.002346 3.628082492e-18 1.20812838e-19 1134 
-0.002334 3.660233018e-18 1.213454319e-19 1111 
-0.002322 3.451119431e-18 1.178308458e-19 1092 
-0.00231 3.515432298e-18 1.18922091e-19 1090 
-0.002298 3.503393905e-18 1.187186508e-19 1081 
-0.002286 3.652206329e-18 1.212121179e-19 1093 
-0.002274 3.527514346e-18 1.191260074e-19 1078 
-0.002262 3.378697847e-18 1.165871688e-19 1047 
-0.00225 3.426973824e-18 1.174170666e-19 1060 
-0.002238 3.028747305e-18 1.103857827e-19 951 
-0.002226 3.278145173e-18 1.148390499e-19 1000 
-0.002214 2.843687605e-18 1.069590177e-19 861 
-0.002202 2.654722778e-18 1.0334687e-19 812 
-0.00219 2.441506855e-18 9.911074537e-20 758 
-0.002178 2.18006529e-18 9.365599497e-20 683 
-0.002166 2.019157017e-18 9.013380662e-20 628 
-0.002154 1.826091734e-18 8.571680738e-20 555 
-0.002142 1.540515348e-18 7.873263117e-20 474 
-0.00213 1.331373781e-18 7.319811853e-20 426 
-0.002118 1.20668109e-18 6.968624139e-20 374 
-0.002106 9.211012284e-19 6.088867249e-20 283 
-0.002094 7.079099107e-19 5.338779395e-20 229 
-0.002082 6.878117556e-19 5.26192329e-20 204 
-0.00207 6.113908675e-19 4.961616103e-20 189 
-0.002058 5.228936249e-19 4.589139967e-20 167 
-0.002046 5.550745466e-19 4.728225511e-20 181 
-0.002034 6.11377663e-19 4.961550874e-20 190 
-0.002022 6.475976286e-19 5.106032995e-20 194 
-0.00201 7.320389389e-19 5.428445222e-20 222 
-0.001998 8.450163374e-19 5.830736203e-20 252 
-0.001986 8.83268699e-19 5.959375205e-20 275 
-0.001974 1.077976009e-18 6.586527397e-20 323 
-0.001962 1.045688364e-18 6.633741451e-20 316 
-0.00195 1.315262411e-18 7.275204658e-20 409 
-0.001938 1.214727744e-18 6.991947983e-20 386 
-0.001926 1.323312347e-18 7.297323247e-20 403 
-0.001914 1.411795912e-18 7.537345074e-20 440 
-0.001902 1.540532814e-18 7.873274097e-20 467 
-0.00189 1.608928905e-18 8.046186675e-20 493 
-0.001878 1.597472224e-18 8.016320635e-20 508 
-0.001866 1.496400037e-18 7.759554196e-20 463 
-0.001854 1.563002909e-18 7.9282974e-20 507 
-0.001842 1.657155319e-18 8.165749555e-20 509 
-0.00183 1.488352945e-18 7.73857374e-20 457 
-0.001818 1.524496925e-18 7.831887581e-20 453 
-0.001806 1.488241905e-18 7.738469636e-20 445 
-0.001794 1.210712419e-18 6.980286151e-20 376 
-0.001782 1.206669196e-18 6.968342729e-20 361 
-0.00177 1.098078954e-18 6.64782487e-20 341 
-0.001758 9.934917524e-19 6.323303964e-20 300 
-0.001746 9.573020789e-19 6.207262005e-20 293 
-0.001734 8.413210966e-19 5.817676266e-20 270 
-0.001722 6.596570005e-19 5.153967234e-20 217 
-0.00171 6.837744633e-19 5.246240335e-20 199 
-0.001698 6.736807927e-19 5.203800775e-20 202 
-0.001686 5.953014487e-19 4.896246012e-20 191 
-0.001674 4.545105042e-19 4.279006381e-20 146 
-0.001662 5.638295636e-19 4.761996457e-20 167 
-0.00165 6.998793799e-19 5.308335806e-20 221 
-0.001638 7.92363786e-19 5.647376887e-20 237 
-0.001626 9.210965619e-19 6.089033481e-20 292 
-0.001614 1.065905484e-18 6.54998194e-20 343 
-0.001602 1.362536431e-18 7.405081797e-20 418 
-0.00159 1.54856634e-18 7.893865553e-20 481 
-0.001578 1.769784263e-18 8.438537052e-20 537 
-0.001566 1.922629939e-18 8.795360182e-20 595 
-0.001554 2.344961989e-18 9.713095827e-20 715 
-0.001542 2.473698773e-18 9.97609182e-20 746 
-0.00153 2.839695937e-18 1.068855523e-19 884 
-0.001518 2.936528855e-18 1.086871614e-19 896 
-0.001506 3.189645048e-18 1.132781276e-19 966 
-0.001494 3.117235753e-18 1.119865447e-19 985 
-0.001482 3.447060664e-18 1.177605268e-19 1077 
-0.00147 3.491327127e-18 1.185148761e-19 1105 
-0.001458 3.801016617e-18 1.23656013e-19 1129 
-0.001446 3.724623574e-18 1.224084812e-19 1129 
-0.001434 3.825367288e-18 1.240495976e-19 1159 
-0.001422 3.81308425e-18 1.238528663e-19 1156 
-0.00141 3.59991122e-18 1.203415145e-19 1086 
-0.001398 3.499348541e-18 1.18650398e-19 1103 
-0.001386 3.600039621e-18 1.203426319e-19 1105 
-0.001374 3.75678916e-18 1.229356179e-19 1139 
-0.001362 3.793007196e-18 1.235269244e-19 1148 
-0.00135 3.764844429e-18 1.230681534e-19 1164 
-0.001338 3.708523208e-18 1.221440185e-19 1142 
-0.001326 3.760804808e-18 1.230023014e-19 1180 
-0.001314 3.776882969e-18 1.232640485e-19 1160 
-0.001302 3.680361367e-18 1.216800715e-19 1174 
-0.00129 3.640162174e-18 1.210134349e-19 1119 
-0.001278 3.47557523e-18 1.18240062e-19 1068 
-0.001266 3.33445774e-18 1.158221535e-19 1051 
-0.001254 3.752752498e-18 1.228697191e-19 1151 
-0.001242 3.599899847e-18 1.203415531e-19 1099 
-0.00123 3.398819449e-18 1.169336614e-19 1045 
-0.001218 3.372625545e-18 1.164651414e-19 1057 
-0.001206 3.543666577e-18 1.193975558e-19 1078 
-0.001194 3.366624913e-18 1.163775701e-19 1013 
-0.001182 3.089089215e-18 1.114796732e-19 964 
-0.00117 3.060921153e-18 1.109697106e-19 944 
-0.001158 2.896015142e-18 1.079399967e-19 897 
-0.001146 2.52600225e-18 1.00812025e-19 800 
-0.001134 2.425412e-18 9.878295319e-20 743 
-0.001122 2.071535774e-18 9.129107036e-20 614 
-0.00111 1.974932672e-18 8.914173875e-20 610 
-0.001098 1.71748424e-18 8.31289075e-20 517 
-0.001086 1.572724652e-18 7.955223359e-20 487 
-0.001074 1.379630158e-18 7.450905193e-20 418 
-0.001062 1.13828857e-18 6.768153506e-20 343 
-0.00105 9.130554794e-19 6.062518409e-20 294 
-0.001038 8.607556172e-19 5.886148621e-20 265 
-0.001026 6.274718806e-19 5.026499716e-20 198 
-0.001014 6.476522738e-19 5.106609265e-20 209 
-0.001002 5.349600009e-19 4.64188954e-20 175 
-0.00099 5.117052974e-19 4.537010776e-20 170 
-0.000978 6.596539353e-19 5.153730498e-20 210 
-0.000966 6.39545454e-19 5.074338122e-20 195 
-0.000954 6.884282149e-19 5.262516291e-20 213 
-0.000942 8.124864213e-19 5.71872089e-20 246 
-0.00093 9.050026099e-19 6.035326578e-20 274 
-0.000918 1.041773154e-18 6.475314603e-20 327 
-0.000906 1.147327367e-18 6.792839608e-20 349 
-0.000894 1.238831763e-18 7.060535674e-20 372 
-0.000882 1.266997425e-18 7.140496693e-20 393 
-0.00087 1.343579541e-18 7.352796784e-20 419 
-0.000858 1.468111561e-18 7.68617576e-20 460 
-0.000846 1.540540155e-18 7.873448023e-20 487 
-0.000834 1.604929814e-18 8.035827165e-20 493 
-0.000822 1.701419713e-18 8.274264305e-20 542 
-0.00081 1.717497271e-18 8.313069392e-20 529 
-0.000798 1.681296347e-18 8.225052399e-20 521 
-0.000786 1.504349198e-18 7.780352813e-20 470 
-0.000774 1.431908355e-18 7.590712281e-20 437 
-0.000762 1.520418812e-18 7.821934776e-20 481 
-0.00075 1.300169417e-18 7.231306857e-20 411 
-0.000738 1.226976749e-18 7.026367099e-20 378 
-0.000726 1.195835412e-18 6.934528932e-20 362 
-0.000714 1.114171442e-18 6.696391475e-20 349 
-0.000702 1.057850578e-18 6.524847594e-20 322 
-0.00069 1.005572244e-18 6.361201637e-20 286 
-0.000678 8.488077927e-19 5.844695895e-20 257 
-0.000666 7.843360534e-19 5.618789641e-20 235 
-0.000654 6.556196954e-19 5.137990504e-20 211 
-0.000642 5.671406452e-19 4.778898859e-20 176 
-0.00063 5.912733519e-19 4.878812613e-20 172 
-0.000618 4.826684578e-19 4.409096225e-20 150 
-0.000606 5.148514629e-19 4.553929906e-20 168 
-0.000594 6.676952269e-19 5.184657565e-20 203 
-0.000582 8.044499039e-19 5.690430101e-20 244 
-0.00057 9.886509972e-19 6.305984625e-20 307 
-0.000558 1.065916027e-18 6.549854817e-20 338 
-0.000546 1.367556051e-18 7.418204832e-20 413 
-0.000534 1.492248952e-18 7.748980582e-20 458 
-0.000522 1.761724669e-18 8.419431653e-20 553 
-0.00051 1.910574675e-18 8.767760565e-20 589 
-0.000498 2.151905934e-18 9.304978609e-20 683 
-0.000486 2.542105886e-18 1.011313263e-19 770 
-0.000474 2.747190129e-18 1.051304277e-19 849 
-0.000462 3.020706019e-18 1.102380621e-19 918 
-0.00045 2.887992356e-18 1.0779139e-19 909 
-0.000438 3.19365474e-18 1.13350151e-19 997 
-0.000426 3.495344064e-18 1.185815816e-19 1062 
-0.000414 3.249969766e-18 1.143443106e-19 994 
-0.000402 3.599915499e-18 1.203425024e-19 1113 
-0.00039 3.418897647e-18 1.172783472e-19 1065 
-0.000378 3.700485186e-18 1.220116327e-19 1137 
-0.000366 3.599933417e-18 1.203425169e-19 1094 
-0.000354 3.382718606e-18 1.166567868e-19 1058 
-0.000342 3.744729499e-18 1.227387235e-19 1150 
-0.00033 3.63610977e-18 1.209454238e-19 1113 
-0.000318 3.874612658e-18 1.24835319e-19 1207 
-0.000306 3.885540308e-18 1.250235545e-19 1201 
-0.000294 3.897599764e-18 1.252189149e-19 1197 
-0.000282 3.792991868e-18 1.235273044e-19 1179 
-0.00027 3.837237774e-18 1.242447084e-19 1161 
-0.000258 3.825142977e-18 1.240493157e-19 1193 
-0.000246 3.708500582e-18 1.221430985e-19 1136 
-0.000234 3.805055107e-18 1.237228009e-19 1158 
-0.000222 3.620045718e-18 1.20678694e-19 1117 
-0.00021 3.539554046e-18 1.193277324e-19 1055 
-0.000198 3.676313371e-18 1.216124982e-19 1150 
-0.000186 3.595909013e-18 1.202752784e-19 1095 
-0.000174 3.571768798e-18 1.198705546e-19 1079 
-0.000162 3.49934348e-18 1.186501415e-19 1100 
-0.00015 3.559682417e-18 1.196674276e-19 1080 
-0.000138 3.270106155e-18 1.146990836e-19 1021 
-0.000126 3.113231466e-18 1.119150411e-19 987 
-0.000114 2.904050663e-18 1.080900838e-19 916 
-0.000102 3.052895087e-18 1.108239565e-19 928 
-9e-05 2.542081525e-18 1.011310423e-19 783 
-7.8e-05 2.300720236e-18 9.621222594e-20 730 
-6.6e-05 2.192106648e-18 9.391445769e-20 701 
-5.4e-05 2.067440208e-18 9.120465182e-20 636 
-4.2e-05 1.922643748e-18 8.795268835e-20 576 
-3e-05 1.596850705e-18 8.015876933e-20 486 
-1.8e-05 1.37562468e-18 7.440226675e-20 424 
-6e-06 1.14643003e-18 6.792221313e-20 350 
6e-06 9.532659451e-19 6.194108636e-20 291 
1.8e-05 8.728383002e-19 5.927244831e-20 265 
3e-05 6.515991141e-19 5.121722764e-20 196 
4.2e-05 5.671406062e-19 4.778989255e-20 178 
5.4e-05 4.424480237e-19 4.222258989e-20 148 
6.6e-05 4.907187355e-19 4.446243495e-20 164 
7.8e-05 5.55064211e-19 4.727377142e-20 165 
9e-05 7.241238947e-19 5.39863925e-20 217 
0.000102 7.240227527e-19 5.398890181e-20 223 
0.000114 7.803092323e-19 5.604908606e-20 254 
0.000126 9.492559081e-19 6.181273102e-20 297 
0.000138 1.021647072e-18 6.412399406e-20 317 
0.00015 1.178530203e-18 6.886973466e-20 369 
0.000162 1.102096918e-18 6.660066472e-20 349 
0.000174 1.279081897e-18 7.174564237e-20 399 
0.000186 1.496484534e-18 7.887720037e-20 440 
0.000198 1.419849735e-18 7.558738696e-20 435 
0.00021 1.500294263e-18 7.76990684e-20 467 
0.000222 1.592826926e-18 8.006005354e-20 509 
0.000234 1.588811899e-18 7.995925152e-20 507 
0.000246 1.661199556e-18 8.175784632e-20 513 
0.000258 1.459050236e-18 7.660522769e-20 466 
0.00027 1.701428011e-18 8.274213326e-20 531 
0.000282 1.552070913e-18 7.901560893e-20 481 
0.000294 1.532481467e-18 7.852596474e-20 459 
0.000306 1.367556189e-18 7.418313371e-20 421 
0.000318 1.061886786e-18 6.537567789e-20 337 
0.00033 1.22679712e-18 7.026534074e-20 386 
0.000342 9.371924665e-19 6.142240289e-20 313 
0.000354 1.106100647e-18 6.671900632e-20 339 
0.000366 9.492545912e-19 6.181064511e-20 288 
0.000378 8.366296418e-19 5.803345586e-20 265 
0.00039 6.837911555e-19 5.24693523e-20 213 
0.000402 5.631206271e-19 4.761826289e-20 172 
0.000414 5.952961474e-19 4.896274489e-20 193 
0.000426 5.148558454e-19 4.553167465e-20 154 
0.000438 4.826715949e-19 4.409346627e-20 154 
0.00045 5.831978899e-19 4.8458707e-20 181 
0.000462 5.832267242e-19 4.846357756e-20 187 
0.000474 9.371792272e-19 6.141458972e-20 278 
0.000486 9.975264535e-19 6.336111918e-20 299 
0.000498 1.110146265e-18 6.684287167e-20 348 
0.00051 1.33538442e-18 7.330681949e-20 418 
0.000522 1.777746915e-18 8.457260497e-20 535 
0.000534 1.870342983e-18 8.674796197e-20 557 
0.000546 2.011121558e-18 8.995484274e-20 630 
0.000558 2.348998999e-18 9.721509651e-20 721 
0.00057 2.501858445e-18 1.003283778e-19 779 
0.000582 2.622503088e-18 1.027182598e-19 826 
0.000594 3.036814352e-18 1.10532304e-19 938 
0.000606 3.020713082e-18 1.10239864e-19 959 
0.000618 3.290206473e-18 1.150498512e-19 1000 
0.00063 3.49133472e-18 1.185131636e-19 1043 
0.000642 3.052890846e-18 1.108247654e-19 953 
0.000654 3.503370644e-18 1.187180768e-19 1088 
0.000666 3.386737746e-18 1.16725647e-19 1048 
0.000678 3.539666534e-18 1.193302102e-19 1083 
0.00069 3.54764503e-18 1.194669537e-19 1127 
0.000702 3.986055722e-18 1.266302563e-19 1194 
0.000714 3.727783953e-18 1.227902365e-19 1128 
0.000726 3.74069291e-18 1.226719523e-19 1136 
0.000738 3.774690277e-18 1.237830769e-19 1141 
0.00075 3.846414991e-18 1.243793696e-19 1149 
0.000762 4.163722838e-18 1.29413449e-19 1254 
0.000774 3.636120388e-18 1.209453679e-19 1100 
0.000786 3.736654573e-18 1.226057394e-19 1144 
0.000798 3.937787502e-18 1.258620644e-19 1206 
0.00081 3.70578678e-18 1.220826011e-19 1169 
0.000822 3.57175085e-18 1.19871233e-19 1121 
0.000834 3.720588869e-18 1.22342007e-19 1129 
0.000846 3.793678495e-18 1.252566268e-19 1172 
0.000858 3.44707269e-18 1.177600771e-19 1050 
0.00087 3.696439819e-18 1.219445309e-19 1135 
0.000882 3.434988333e-18 1.175544245e-19 1085 
0.000894 3.535562832e-18 1.192624754e-19 1100 
0.000906 3.439006584e-18 1.176219215e-19 1049 
0.000918 3.406831896e-18 1.170704812e-19 1037 
0.00093 3.117259385e-18 1.119864008e-19 957 
0.000942 3.073036739e-18 1.111901481e-19 953 
0.000954 2.85982036e-18 1.072622191e-19 855 
0.000966 2.719052996e-18 1.045916142e-19 851 
0.000978 2.421420384e-18 9.870234757e-20 743 
0.00099 2.306677978e-18 9.631458258e-20 710 
0.001002 1.966889007e-18 8.895960823e-20 601 
0.001014 1.588838132e-18 7.995721214e-20 491 
0.001026 1.460072244e-18 7.664981994e-20 445 
0.001038 1.287128045e-18 7.196998113e-20 395 
0.00105 1.158403773e-18 6.8278766e-20 361 
0.001062 8.848840723e-19 5.968015944e-20 273 
0.001074 7.121826902e-19 5.353703848e-20 219 
0.001086 5.792166472e-19 4.829102434e-20 172 
0.001098 5.67140797e-19 4.779158487e-20 182 
0.00111 5.108291176e-19 4.535814471e-20 160 
0.001122 6.676910424e-19 5.184814565e-20 208 
0.001134 5.068135381e-19 4.518070019e-20 160 
0.001146 5.590985693e-19 4.744920728e-20 173 
0.001158 6.423112869e-19 5.082416532e-20 212 
0.00117 7.682582779e-19 5.561457692e-20 246 
0.001182 9.894923691e-19 6.310990866e-20 316 
0.001194 1.106134354e-18 6.672121739e-20 340 
0.001206 1.035020039e-18 6.451514374e-20 328 
0.001218 1.202636584e-18 6.956685827e-20 361 
0.00123 1.303219028e-18 7.241949495e-20 409 
0.001242 1.379614825e-18 7.450875955e-20 422 
0.001254 1.500305742e-18 7.769987374e-20 469 
0.001266 1.552870984e-18 7.904110314e-20 475 
0.001278 1.64510368e-18 8.135819017e-20 484 
0.00129 1.858278137e-18 8.646845567e-20 560 
0.001302 1.544566381e-18 7.883675087e-20 475 
0.001314 1.60488639e-18 8.03609783e-20 499 
0.001326 1.500286885e-18 7.769836521e-20 464 
0.001338 1.528457265e-18 7.842474415e-20 475 
0.00135 1.544524356e-18 7.883427748e-20 472 
0.001362 1.292195074e-18 7.209003501e-20 400 
0.001374 1.367557439e-18 7.418332982e-20 422 
0.001386 1.190598725e-18 6.921857104e-20 356 
0.001398 1.069915734e-18 6.562079401e-20 334 
0.00141 1.049815114e-18 6.500008602e-20 317 
0.001422 9.693636755e-19 6.246450734e-20 309 
0.001434 7.642357564e-19 5.546553706e-20 233 
0.001446 7.280211891e-19 5.412891462e-20 205 
0.001458 6.033440279e-19 4.928986212e-20 189 
0.00147 5.912772826e-19 4.878845055e-20 172 
0.001482 5.671481769e-19 4.779335198e-20 185 
0.001494 5.148460641e-19 4.553332658e-20 157 
0.001506 5.027932867e-19 4.500525287e-20 167 
0.001518 6.928309472e-19 5.278419295e-20 214 
0.00153 8.768388543e-19 5.940462138e-20 257 
0.001542 1.12623032e-18 6.732320645e-20 343 
0.001554 1.206697287e-18 6.968557145e-20 364 
0.001566 1.363547461e-18 7.407576353e-20 428 
0.001578 1.540504866e-18 7.873312484e-20 484 
0.00159 1.958827178e-18 8.877625133e-20 592 
0.001602 1.950798129e-18 8.859629106e-20 613 
0.001614 2.308758497e-18 9.63789683e-20 714 
0.001626 2.465639555e-18 9.959762667e-20 737 
0.001638 2.662721241e-18 1.035015339e-19 815 
0.00165 2.883957524e-18 1.077156262e-19 902 
0.001662 3.117260635e-18 1.119867795e-19 966 
0.001674 3.22988372e-18 1.139913945e-19 1001 
0.001686 3.45916508e-18 1.179661587e-19 1034 
0.001698 3.270118989e-18 1.147010165e-19 1072 
0.00171 3.491332358e-18 1.185138105e-19 1064 
0.001722 3.489924479e-18 1.184749529e-19 1096 
0.001734 3.440141359e-18 1.176281006e-19 1052 
0.001746 3.652214453e-18 1.212140129e-19 1147 
0.001758 3.752766926e-18 1.228702774e-19 1154 
0.00177 3.817126637e-18 1.2391878e-19 1156 
0.001782 3.724613392e-18 1.22409309e-19 1170 
0.001794 4.207285853e-18 1.300961546e-19 1249 
0.001806 3.869407984e-18 1.247647455e-19 1189 
0.001818 3.77288228e-18 1.231994218e-19 1170 
0.00183 3.965946841e-18 1.263112028e-19 1212 
0.001842 3.861384551e-18 1.246355046e-19 1180 
0.001854 4.014216759e-18 1.270765854e-19 1195 
0.001866 3.998106816e-18 1.268222246e-19 1233 
0.001878 3.95920323e-18 1.261890897e-19 1188 
0.00189 3.555675846e-18 1.196005399e-19 1085 
0.001902 3.760902215e-18 1.230021922e-19 1151 
0.001914 3.712516178e-18 1.222089031e-19 1131 
0.001926 3.386738534e-18 1.167256742e-19 1048 
0.001938 3.575791529e-18 1.199382247e-19 1086 
0.00195 3.245974167e-18 1.142744543e-19 992 
0.001962 3.583808907e-18 1.200723082e-19 1094 
0.001974 3.495336565e-18 1.185815217e-19 1080 
0.001986 3.021298077e-18 1.102409937e-19 939 
0.001998 3.27908981e-18 1.148422426e-19 1001 
0.00201 3.032779731e-18 1.104592574e-19 948 
0.002022 2.606433279e-18 1.024025436e-19 800 
0.002034 2.598360957e-18 1.022430573e-19 792 
0.002046 2.180047485e-18 9.365333661e-20 654 
0.002058 1.985749276e-18 8.936598372e-20 616 
0.00207 1.709452405e-18 8.293800566e-20 553 
0.002082 1.476150808e-18 7.707097039e-20 456 
0.002094 1.456052846e-18 7.654386175e-20 440 
0.002106 1.2388554e-18 7.060619188e-20 369 
0.002118 8.969571694e-19 6.008488826e-20 273 
0.00213 8.16516421e-19 5.73286584e-20 246 
0.002142 6.596544422e-19 5.15344574e-20 202 
0.002154 5.630999112e-19 4.761843448e-20 176 
0.002166 5.309065665e-19 4.623661159e-20 163 
0.002178 5.792116386e-19 4.829168302e-20 174 
0.00219 4.504954955e-19 4.260351985e-20 149 
0.002202 6.556271115e-19 5.137571319e-20 198 
0.002214 6.797592475e-19 5.231394913e-20 211 
0.002226 8.76849046e-19 5.940681488e-20 262 
0.002238 8.808748799e-19 5.954490365e-20 270 
0.00225 9.975456624e-19 6.336280014e-20 301 
0.002262 1.258969752e-18 7.117740561e-20 378 
0.002274 1.211465191e-18 6.980525896e-20 378 
0.002286 1.464096581e-18 7.675473759e-20 441 
0.002298 1.303532491e-18 7.241819363e-20 397 
0.00231 1.39193743e-18 7.483453446e-20 424 
0.002322 1.608903018e-18 8.046077665e-20 495 
0.002334 1.633036368e-18 8.1061088e-20 496 
0.002346 1.560635532e-18 7.924553226e-20 484 
0.002358 1.468122356e-18 7.686352775e-20 472 
0.00237 1.741635836e-18 8.371147251e-20 523 
0.002382 1.532482442e-18 7.852752161e-20 472 
0.002394 1.395705773e-18 7.494366848e-20 442 
0.002406 1.222764621e-18 7.014763621e-20 372 
0.002418 1.421884554e-18 7.561606324e-20 447 
0.00243 1.275059226e-18 7.163077206e-20 384 
0.002442 1.25495902e-18 7.106385099e-20 374 
0.002454 1.009586886e-18 6.374438595e-20 311 
0.002466 9.815556319e-19 6.285076891e-20 302 
0.002478 9.210919558e-19 6.088897134e-20 287 
0.00249 8.285866982e-19 5.775077042e-20 250 
0.002502 7.642309421e-19 5.546757827e-20 241 
0.002514 6.073549057e-19 4.945561037e-20 198 
0.002526 5.429925701e-19 4.675979888e-20 166 
0.002538 4.769001269e-19 4.378121417e-20 147 
0.00255 5.269290714e-19 4.606692074e-20 165 
0.002562 5.872511842e-19 4.862949443e-20 186 
0.002574 7.038969058e-19 5.323236326e-20 214 
0.002586 7.601949054e-19 5.532193705e-20 245 
0.002598 9.525683456e-19 6.40865769e-20 295 
0.00261 1.170463212e-18 6.86334738e-20 369 
0.002622 1.319292599e-18 7.286329339e-20 408 
0.002634 1.560638972e-18 7.924539594e-20 481 
0.002646 1.709461456e-18 8.29364974e-20 529 
0.002658 1.966884975e-18 8.896085963e-20 621 
0.00267 2.133216054e-18 9.262418942e-20 662 
0.002682 2.353008273e-18 9.729896001e-20 745 
0.002694 2.863777552e-18 1.073371673e-19 902 
0.002706 2.920141868e-18 1.083877313e-19 887 
0.002718 3.004738996e-18 1.099457931e-19 931 
0.00273 3.269276165e-18 1.150375273e-19 1004 
0.002742 3.504778377e-18 1.187266517e-19 1097 
0.002754 3.234406834e-18 1.140615756e-19 981 
0.002766 3.460014973e-18 1.179702085e-19 1072 
0.002778 3.571762218e-18 1.198705954e-19 1087 
0.00279 3.577261881e-18 1.19947356e-19 1102 
0.002802 3.829171078e-18 1.241139502e-19 1167 
0.002814 3.760781822e-18 1.230003356e-19 1137 
0.002826 3.720573832e-18 1.223425134e-19 1164 
0.002838 3.994115105e-18 1.267581436e-19 1195 
0.00285 3.632119887e-18 1.208803857e-19 1139 
0.002862 3.845280207e-18 1.243750086e-19 1171 
0.002874 3.780934105e-18 1.233306764e-19 1164 
0.002886 3.917647652e-18 1.255393601e-19 1199 
0.002898 3.780927805e-18 1.233307186e-19 1173 
0.00291 3.732627859e-18 1.225397788e-19 1149 
0.002922 3.825135796e-18 1.240482566e-19 1163 
0.002934 3.418924634e-18 1.172796041e-19 1076 
0.002946 3.672321978e-18 1.215450835e-19 1133 
0.002958 3.668307331e-18 1.214801727e-19 1130 
0.00297 3.589305173e-18 1.201489174e-19 1093 
0.002982 3.362573223e-18 1.163084794e-19 1055 
0.002994 1.51638465e-18 7.811477835e-20 475 
