10-02-96    3T2-T= 798K (525C) LaMnO3
     100       0   0.050      20       0       0
   0.000
  47000.      0.    0.00    0.00
 1    10 1    15 1    21 1    22 1    17 1    17 1    13 1    19 1    21 1    11
 1    16 1    13 1     7 1    12 1     6 1    10 1     4 1     6 1     1 1     6
 1     8 1     1 1     6 1     6 1     3 1    12 1     8 1     6 1    16 1    13
 1    18 1    17 1    20 1    18 1    14 1    26 1    26 1    39 1    38 1    49
 1    51 1    45 1    54 1    37 1    57 1    40 1    43 1    44 1    36 1    51
 1    37 1    28 1    42 1    33 1    32 1    20 1    38 1    26 1    22 1    18
 2    22 2    15 2    24 2    19 2    22 2    21 2    16 2    22 2    21 2    16
 2    20 2    19 2    24 2    18 2    18 2    22 2    17 2    14 2    25 2    27
 2    27 2    35 2    37 2    38 2    36 2    39 2    40 2    45 2    41 2    48
 2    38 2    61 2    47 2    57 2    49 2    64 2    59 2    55 2    60 2    68
 2    68 2    67 2    80 2    77 2    77 2    75 2    86 2    79 2    85 2    83
 2    83 2    69 2    82 2    82 2    85 2    74 2    76 2    76 2    78 2    92
 3    82 3    71 3    78 3    74 3    80 3    77 3    77 3    90 3    85 3    79
 3    77 3    81 3    83 3    79 3    76 3    88 3    82 3    72 3    75 3    78
 3    80 3    78 3    82 3    66 3    73 3    69 3    73 3    76 3    79 3    76
 3    75 3    74 3    68 3    71 3    74 3    77 3    68 3    71 3    73 3    62
 3    71 3    67 3    68 3    64 3    77 3    73 3    67 3    70 3    76 3    61
 3    61 3    67 3    63 3    68 3    64 3    64 3    66 3    69 3    66 3    69
 4    58 4    61 4    65 4    66 4    65 4    61 4    62 4    66 4    69 4    68
 4    64 4    61 4    57 4    62 4    70 4    67 4    61 4    58 4    61 4    69
 4    60 4    67 4    67 4    68 4    61 4    62 4    66 4    57 4    63 4    58
 4    59 4    61 4    63 4    60 4    56 4    61 4    64 4    60 4    65 4    62
 4    57 4    61 4    61 4    63 4    64 4    62 4    63 4    59 4    65 4    62
 4    58 4    71 4    57 4    54 4    64 4    68 4    55 4    64 4    60 4    55
 4    61 5    56 5    60 5    59 5    58 5    56 5    59 5    54 5    60 5    64
 5    57 5    53 5    58 5    59 5    59 5    61 5    53 5    61 5    61 5    61
 5    57 5    60 5    60 5    61 5    56 5    59 5    59 5    59 5    58 5    65
 5    62 5    60 5    61 5    55 5    57 5    60 5    57 5    61 5    60 5    60
 5    59 5    62 5    55 5    59 5    61 5    59 5    55 5    56 5    61 5    58
 5    59 5    63 5    59 5    57 5    62 5    59 5    60 5    62 5    61 5    58
 5    55 6    58 6    63 6    60 6    59 6    62 6    61 6    63 6    64 6    56
 6    57 6    60 6    55 6    55 6    55 6    59 6    60 6    56 6    54 6    58
 6    54 6    61 6    60 6    63 6    56 6    56 6    59 6    63 6    63 6    58
 6    54 6    57 6    58 6    56 6    63 6    60 6    56 6    62 6    55 6    58
 6    60 6    59 6    58 6    61 6    56 6    61 6    65 6    70 6    64 6    69
 6    78 6    83 6    97 6   118 6   156 6   200 6   278 6   341 6   375 6   339
 6   271 7   192 7   118 7    81 7    65 7    58 7    60 7    60 7    61 7    61
 7    59 7    57 7    62 7    60 7    63 7    56 7    56 7    55 7    57 7    58
 7    55 7    53 7    59 7    55 7    52 7    57 7    60 7    59 7    57 7    57
 7    56 7    56 7    56 7    59 7    59 7    53 7    56 7    61 7    63 7    67
 7    62 7    62 7    67 7    61 7    60 7    59 7    55 7    57 7    55 7    58
 7    54 7    58 7    57 7    58 7    55 7    56 7    62 7    63 7    57 7    60
 7    55 8    60 8    57 8    55 8    59 8    59 8    56 8    57 8    52 8    57
 8    56 8    53 8    54 8    54 8    55 8    54 8    55 8    58 8    57 8    58
 8    54 8    51 8    56 8    55 8    59 8    56 8    51 8    58 8    53 8    53
 8    56 8    60 8    54 8    58 8    57 8    55 8    53 8    53 8    54 8    53
 8    52 8    53 8    53 8    53 8    50 8    59 8    55 8    53 8    49 8    53
 8    55 8    55 8    54 8    55 8    53 8    60 8    54 8    56 8    53 8    50
 8    51 8    52 9    53 9    52 9    54 9    50 9    56 9    53 9    52 9    56
 9    56 9    57 9    54 9    52 9    52 9    53 9    56 9    50 9    52 9    55
 9    55 9    53 9    52 9    52 9    56 9    56 9    61 9    69 9    66 9    72
 9    60 9    59 9    57 9    53 9    54 9    54 9    53 9    55 9    57 9    52
 9    51 9    56 9    54 9    50 9    56 9    51 9    51 9    57 9    56 9    52
 9    54 9    50 9    50 9    52 9    54 9    52 9    54 9    56 9    56 9    57
 9    51 9    5410    5410    4910    5310    5210    4810    5510    5310    51
10    5110    4910    4910    5210    5410    5210    5010    5310    5010    53
10    5710    5010    5610    5610    5910    5810    6910    8210    9410   103
10   10410    9910    7910    6510    5810    5310    5610    5610    5310    59
10    5310    5610    5510    5710    5710    5510    5610    5310    5610    56
10    6110    5810    6710    8110   10910   15310   22210   30410   33610   323
10   23410   16311   11111    6911    6511    6711    5811    6411    6211    62
11    6411    6111    6611    6711    6911    7011    7711    7711    9711   123
11   19711   33811   58511  105911  161011  194011  189411  145211   89811   422
11   17111   10211    8711    7911    7611    7111    6811    7211    6611    66
11    6011    6211    6211    6011    6511    6511    6411    6411    6311    66
11    6911    7911    7811    7311    7211    6111    5911    5811    6311    59
11    5811    5912    5712    6112    6012    5612    5512    5512    5512    57
12    5612    6112    5712    6612    8112    9912   12212   13312   13012   113
12    9312    7612    6912    6612    5912    5712    5512    5412    5612    53
12    5412    5412    5312    5212    5112    5112    5312    5512    5512    57
12    5212    5812    5512    5412    5312    5412    5212    5512    5212    52
12    5612    5112    5412    5212    5712    5412    5812    6112    6212    67
12    8012   11813   18513   31313   46913   53213   49713   38513   23013   109
13    7313    6513    5913    5913    5713    5713    5813    5513    5413    58
13    5613    5113    5313    5813    5813    6313    7113    8513    9113    91
13    7913    6913    6113    5613    5313    5313    5013    5013    5213    48
13    5413    5213    5113    5413    5413    4813    5213    5113    5213    51
13    5413    5213    5213    5413    5213    5513    5313    5113    5113    53
13    5213    5114    4914    5514    5514    5614    5814    5914    6814    78
14   10114   14014   16714   18214   15214   12314    8414    6214    5914    56
14    5314    5414    5514    5114    5414    5414    5514    5614    6014    61
14    7714   11914   18614   28414   32314   31914   25714   16214    9114    65
14    5614    5414    5314    5314    5314    5314    5514    5514    5114    54
14    5714    5714    6414    7914    9014    9714    9514    8214    6514    54
14    5314    5514    5315    5015    5615    5215    5015    5115    4915    50
15    4715    5115    5315    4915    5215    5015    5315    4915    4915    48
15    4815    5115    5015    4715    4815    4915    4715    5015    4915    50
15    4715    4915    5115    4615    4915    4915    4815    5015    4815    50
15    5115    5215    4815    5015    5315    4915    5315    5215    4915    49
15    4915    4915    5115    5715    7015    7515    7715    7815    6815    54
15    5015    4616    5016    4816    4816    5016    5016    4816    4616    48
16    4616    4716    4916    4916    5016    4816    4616    4916    4816    48
16    4916    5016    4716    4716    4616    4616    4916    4616    4716    51
16    5116    5516    6016    7316    7816    8216    7616    6316    5516    48
16    4716    4716    4716    5216    4816    4916    5116    4916    5116    56
16    6016    7216    9116   10916   11416   10616    8616    6016    5116    51
16    5216    4917    4917    5017    4817    4617    4817    4917    5117    48
17    4717    4717    4817    4517    4617    5017    4417    4717    4917    52
17    4617    4917    5017    4717    5117    5017    4817    5217    5617    59
17    6417    6817    6617    5817    5317    5117    4817    5017    5117    51
17    5317    4817    5117    5117    4917    5217    5617    6117    6517    67
17    6017    5517    5217    4917    5017    5017    4917    5017    5117    51
17    4917    4917    5018    5418    5018    5018    4918    5318    5218    50
18    5318    5218    5318    5318    5218    5118    5418    5518    6018    64
18    7318   11218   19018   28118   33018   30918   24418   14118    7918    62
18    5718    5518    5518    5618    5418    5618    5318    5418    5718    58
18    6618    7018    6818    6518    6218    5418    5418    5618    5218    53
18    5318    5418    5318    5418    5918    6118    7318    9118   10318   106
18    9618    7918    6419    5719    5819    5819    5319    5619    5719    60
19    6019    6119    8319   12819   22619   32019   34619   32719   24219   139
19    8019    6619    6619    6119    6119    5819    6019    6119    7319    88
19   14519   24519   32619   34819   31019   21919   12319    7419    6119    58
19    6019    5819    6019    5719    5919    5719    5619    5919    6319    61
19    6319    6119    5619    5419    5419    5019    5619    5619    5619    57
19    6019    6619    7420    9220   10920   12720   12320   10720    8920    67
20    5920    5520    5920    5820    5420    5520    5320    5620    5720    57
20    5520    5320    5120    5420    5520    5520    5520    5420    5320    53
20    5220    5620    5720    5620    5520    5820    6520    6820    6920    71
20    6720    6320    5920    6020    5920    5520    5820    5720    5620    56
20    6020    6020    6220    7520    8420    9020    8620    7520    6620    62
20    6020    5920    5620    5620    5920    5720    5820    5620    5920    62
20    6620    6520    6620    6220    6020    5520    6020    6120    5820    59
20    5620    5920    6720    7320    9820   14520   18220   18720   17020   128
20    8320    7020    6820    7020    6920    7120    7420    8420   10920   194
20   40020   65220   77020   75320   59220   34720   16220    9520    8020    75
20    7120    6820    7320    6820    7020    7920    9820   12020   12920   126
20   10620    8220    6920    6520    6220    6220    5720    5720    6120    64
20    5920    5820    5920    5720    6020    5920    5820    5820    6120    57
20    5920    6020    5920    5820    5820    5820    5620    5920    5820    57
20    5920    5920    5720    5720    5820    5920    5920    5820    6120    62
20    6120    7120    9620   10820   11720   11920   10120    7920    6520    59
20    5920    5920    6120    6020    5720    6120    6420    8420    9920   107
20   10720    9620    7620    6420    6020    5920    5820    5920    6020    59
20    5920    6420    7420    8520    9420    9620    8820    7420    6620    62
20    6020    5920    6320    6120    6020    6520    7120    8920   12120   139
20   14820   13120   10920    8620    6720    6620    6320    6120    6620    68
20    7620   10620   17720   27220   35120   35920   31820   21420   13020    85
20    7019    6419    6419    6319    6019    6519    6619    7019    7919    86
19    8219    7719    7119    6419    5919    6019    6019    6219    6019    61
19    6219    6719    8019    9219    9619    9119    7919    7019    6019    56
19    5919    5719    5719    5719    5519    5519    5719    5719    5719    58
19    5519    5419    5719    5719    5619    5619    5619    5519    5819    59
19    5819    6519    7419    8419    8719    8219    7019    5819    5519    56
19    5818    5618    5818    5718    6018    6618    7218    8418    8518    84
18    7718    6818    6618    5718    5518    5518    5418    5718    5518    57
18    5318    5718    5618    5718    5618    5618    5418    5518    5918    56
18    5718    5718    5718    6018    7018    9418   11618   13718   14118   121
18    9318    7318    6418    5618    6018    5718    5818    5518    5518    55
18    5418    5518    5318    5618    5318    5618    5518    5518    5718    57
18    5817    5517    5917    7117    7617    8417    9117    8417    7017    69
17    6017    5617    5217    5417    5617    5617    5417    5917    5917    61
17    5817    5717    5817    5617    5317    5517    5417    5517    5517    59
17    5517    5517    5517    5417    5617    5417    5717    5617    5517    56
17    5417    5417    5417    5417    5617    5617    6117    6717    7217    74
17    6817    6717    6117    6017    5917    5817    5517    5617    5617    56
17    6216    6316    7016    7316    7116    6716    6316    5716    5716    59
16    5716    5716    5516    5716    6016    5816    6116    5916    5816    60
16    5916    5916    5916    5816    5716    5716    5716    5916    5816    60
16    6116    6416    6316    6516    6516    6216    5916    5716    5816    63
16    6816    7716   10916   15016   20816   26116   27316   23516   17216   122
16    8616    6816    6116    6216    6416    6416    6416    6816    7816    86
16    8416    7915    7215    6415    6015    6015    5915    5815    6115    58
15    5615    5615    6015    5815    6015    5515    5915    5815    5815    56
15    5615    5815    6015    5615    5715    6015    5815    5715    6015    60
15    5615    5715    5915    5515    5915    5915    6215    6315    7415    91
15   11315   13115   12915   12615   10915    8915    7415    6415    6015    58
15    6115    5815    6215    5915    5715    6115    6015    6115    5915    60
15    6115    5814    6114    6114    5814    6214    6314    7214    7814    80
14    7914    7614    7014    6414    6214    6114    6614    6114    6514    71
14    8714   11314   13914   16214   17314   15814   13114   10514    8514    69
14    6414    7014    7614    8514   11714   15314   19414   21414   21014   188
14   14814   11114    8614    7014    6414    6514    6314    6914    6914    74
14    7814    8114    8314    8114    7514    6814    6314    6214    6014    65
14    6414    6813    7913    8513    9213    9613    9213    8113    7013    61
13    5813    6113    6013    6013    6313    5913    6313    6113    5913    61
13    6113    6313    6213    6313    6413    6013    6313    6413    6313    66
13    6813    7313    7113    8013    7713    7213    6913    6513    6613    60
13    6013    6613    7113    7113    7813    8413    8513    8813    8513    74
13    7213    6713    6213    6413    6413    6113    6113    6613    6413    66
13    6413    6512    6512    6612    6212    6312    6312    6612    6312    64
12    7212    8012    9312   11312   12212   12112   11412   10212    8412    75
12    6912    6712    6812    7612    8212    9812   12312   14512   16112   160
12   14512   11912   10212    8112    6712    6712    6012    6112    6512    66
12    7112    7412    7212    7112    6912    6912    6712    6512    5912    61
12    6112    6012    6112    6112    6412    6612    6512    6612    6312    68
12    6212    6012    5811    6211    6111    6211    6211    5911    6111    59
11    6111    6211    6511    6111    5911    6211    5711    6311    6011    63
11    6311    6811    7311    7011    7311    7211    6711    6411    6711    65
11    6411    6711    6411    7011    7511    9111    9911   10811   11011   101
11    9811    8711    7511    6911    6911    6711    6911    7311    7611    84
11    9111    9511    9411    8411    8511    8011    6711    6211    6111    65
11    6511    6911    7810    8710    9410    9610    9710    9510    9210    80
10    7510    6810    6210    6410    6610    6210    6410    6010    6110    58
10    5810    6110    6110    6110    6310    6510    6410    6710    6810    74
10    7310    7710    8410    8710    7910    8110    7010    7110    7110    63
10    6410    6110    6110    6610    6610    6410    6910    6910    7010    66
10    6710    6610    6710    6210    6610    6410    6410    6810    7110    69
10    6710    6510    62 9    66 9    65 9    67 9    64 9    64 9    62 9    63
 9    67 9    59 9    67 9    67 9    69 9    72 9    68 9    66 9    71 9    62
 9    60 9    64 9    63 9    64 9    65 9    66 9    66 9    64 9    68 9    65
 9    64 9    72 9    67 9    64 9    66 9    65 9    63 9    61 9    61 9    66
 9    63 9    65 9    63 9    61 9    63 9    66 9    63 9    68 9    66 9    66
 9    63 9    68 9    69 9    73 9    79 9    87 9    96 9    97 9    96 9    97
 9    95 9    82 9    72 8    69 8    71 8    71 8    82 8    92 8   108 8   126
 8   138 8   151 8   153 8   148 8   131 8   118 8   105 8    88 8    81 8    72
 8    76 8    80 8    81 8    88 8    92 8    96 8    99 8   103 8    91 8    88
 8    81 8    67 8    69 8    66 8    64 8    70 8    71 8    68 8    63 8    67
 8    62 8    63 8    67 8    62 8    64 8    61 8    65 8    59 8    68 8    68
 8    62 8    64 8    66 8    63 8    62 8    61 8    65 8    65 8    63 8    65
 8    69 8    69 8    69 7    72 7    80 7    80 7    82 7    90 7    90 7    96
 7    95 7    97 7    83 7    75 7    73 7    67 7    74 7    77 7    73 7    81
 7    87 7    93 7    93 7    89 7    97 7    90 7    80 7    76 7    73 7    67
 7    62 7    70 7    64 7    61 7    73 7    71 7    72 7    72 7    73 7    71
 7    73 7    66 7    67 7    69 7    66 7    66 7    70 7    69 7    70 7    72
 7    66 7    64 7    68 7    72 7    64 7    70 7    67 7    63 7    68 7    71
 7    77 7    85 7    87 6    97 6   112 6   120 6   123 6   122 6   113 6   110
 6    99 6    88 6    77 6    72 6    70 6    71 6    83 6    74 6    76 6    77
 6    79 6    82 6    80 6    78 6    74 6    67 6    65 6    66 6    67 6    61
 6    62 6    67 6    67 6    62 6    64 6    65 6    59 6    63 6    66 6    65
 6    68 6    67 6    64 6    67 6    65 6    55 6    64 6    68 6    62 6    67
 6    64 6    62 6    64 6    66 6    62 6    62 6    64 6    67 6    66 6    68
 6    66 6    66 6    66 6    58 5    65 5    63 5    61 5    67 5    68 5    68
 5    66 5    67 5    66 5    74 5    72 5    74 5    84 5    84 5    85 5    87
 5    86 5    82 5    89 5    85 5    76 5    77 5    78 5    82 5    78 5    81
 5    84 5    79 5    77 5    72 5    73 5    70 5    70 5    75 5    71 5    67
 5    68 5    69 5    71 5    67 5    67 5    73 5    75 5    70 5    72 5    74
 5    68 5    78 5    82 5    75 5    76 5    74 5    79 5    91 5   105 5   118
 5   147 5   171 5   187 4   209 4   220 4   222 4   245 4   216 4   198 4   176
 4   140 4   122 4   101 4    88 4    78 4    71 4    74 4    74 4    69 4    73
 4    77 4    81 4    76 4    72 4    72 4    76 4    77 4    66 4    63 4    70
 4    74 4    65 4    66 4    72 4    62 4    69 4    72 4    62 4    67 4    62
 4    64 4    66 4    65 4    67 4    65 4    59 4    70 4    59 4    70 4    68
 4    58 4    66 4    68 4    70 4    67 4    67 4    60 4    68 4    72 4    72
 4    73 4    68 4    73 3    76 3    75 3    74 3    78 3    70 3    74 3    76
 3    68 3    65 3    66 3    73 3    70 3    66 3    69 3    64 3    68 3    71
 3    74 3    73 3    78 3    77 3    72 3    74 3    75 3    79 3    64 3    66
 3    65 3    62 3    69 3    62 3    61 3    67 3    75 3    68 3    70 3    67
 3    64 3    71 3    64 3    61 3    64 3    67 3    68 3    67 3    62 3    63
 3    72 3    72 3    75 3    69 3    62 3    69 3    74 3    69 3    65 3    62
 3    65 3    67 3    68 3    74 2    67 2    63 2    66 2    70 2    62 2    58
 2    69 2    68 2    62 2    71 2    70 2    65 2    73 2    74 2    69 2    71
 2    83 2    67 2    78 2    95 2    78 2    80 2    80 2    79 2    79 2    88
 2    75 2    74 2    80 2    69 2    72 2    88 2    71 2    62 2    69 2    70
 2    63 2    73 2    72 2    66 2    78 2    67 2    66 2    66 2    65 2    65
 2    62 2    66 2    63 2    62 2    67 2    63 2    56 2    60 2    69 2    63
 2    64 2    69 2    73 2    65 1    72 1    72 1    62 1    64 1    69 1    75
 1    71 1    73 1    61 1    74 1    77 1    64 1    67 1    72 1    66 1    64
 1    81 1    58 1    66 1    69 1    58 1    63 1    64 1    77 1    70 1    64
 1    78 1    59 1    74 1    75 1    68 1    60 1    61 1    72 1    70 1    68
 1    55 1    81 1    73 1    84 1    70 1    69 1    65 1    69 1    59 1    64
 1    67 1    63 1    82 1    75 1    62 1    69 1    64 1    64 1    70 1    69
 1    88 1    78 1    84 1    81
   -1000
  -10000
